TIME - PROCESSES - WIDTH
0.000932 1 1.00000000000000000000
0.019041 2 1.00000000000000000000
0.001266 3 1.00000000000000000000
0.001381 4 1.00000000000000000000
0.001643 5 1.00000000000000000000
0.001415 6 1.00000000000000000000
0.001693 7 1.00000000000000000000
0.001736 8 1.00000000000000000000
0.001942 9 1.00000000000000000000
0.001756 10 1.00000000000000000000
0.001727 11 1.00000000000000000000
0.001927 12 1.00000000000000000000
0.000950 1 0.10000000000000000000
0.001081 2 0.10000000000000000000
0.001069 3 0.10000000000000000000
0.002186 4 0.10000000000000000000
0.067929 5 0.10000000000000000000
0.060649 6 0.10000000000000000000
0.017085 7 0.10000000000000000000
0.001404 8 0.10000000000000000000
0.001732 9 0.10000000000000000000
0.001982 10 0.10000000000000000000
0.001942 11 0.10000000000000000000
0.001900 12 0.10000000000000000000
0.000877 1 0.01000000000000000000
0.001010 2 0.01000000000000000000
0.001092 3 0.01000000000000000000
0.001046 4 0.01000000000000000000
0.001185 5 0.01000000000000000000
0.001507 6 0.01000000000000000000
0.001570 7 0.01000000000000000000
0.001530 8 0.01000000000000000000
0.002223 9 0.01000000000000000000
0.001920 10 0.01000000000000000000
0.001944 11 0.01000000000000000000
0.001740 12 0.01000000000000000000
0.000966 1 0.00100000000000000000
0.000915 2 0.00100000000000000000
0.001166 3 0.00100000000000000000
0.001463 4 0.00100000000000000000
0.001222 5 0.00100000000000000000
0.001659 6 0.00100000000000000000
0.001735 7 0.00100000000000000000
0.001598 8 0.00100000000000000000
0.001848 9 0.00100000000000000000
0.001768 10 0.00100000000000000000
0.001913 11 0.00100000000000000000
0.004053 12 0.00100000000000000000
0.001152 1 0.00010000000000000000
0.004450 2 0.00010000000000000000
0.002880 3 0.00010000000000000000
0.001217 4 0.00010000000000000000
0.001350 5 0.00010000000000000000
0.001902 6 0.00010000000000000000
0.001463 7 0.00010000000000000000
0.001784 8 0.00010000000000000000
0.002054 9 0.00010000000000000000
0.002032 10 0.00010000000000000000
0.008143 11 0.00010000000000000000
0.007388 12 0.00010000000000000000
0.004520 1 0.00001000000000000000
0.002485 2 0.00001000000000000000
0.002381 3 0.00001000000000000000
0.006238 4 0.00001000000000000000
0.003962 5 0.00001000000000000000
0.010638 6 0.00001000000000000000
0.004636 7 0.00001000000000000000
0.002477 8 0.00001000000000000000
0.002712 9 0.00001000000000000000
0.002463 10 0.00001000000000000000
0.002398 11 0.00001000000000000000
0.006001 12 0.00001000000000000000
0.029077 1 0.00000100000000000000
0.018489 2 0.00000100000000000000
0.014554 3 0.00000100000000000000
0.010835 4 0.00000100000000000000
0.008485 5 0.00000100000000000000
0.006493 6 0.00000100000000000000
0.009163 7 0.00000100000000000000
0.008774 8 0.00000100000000000000
0.008544 9 0.00000100000000000000
0.007499 10 0.00000100000000000000
0.006700 11 0.00000100000000000000
0.006856 12 0.00000100000000000000
0.251806 1 0.00000010000000000000
0.137292 2 0.00000010000000000000
0.089640 3 0.00000010000000000000
0.068580 4 0.00000010000000000000
0.052970 5 0.00000010000000000000
0.043966 6 0.00000010000000000000
0.037901 7 0.00000010000000000000
0.033000 8 0.00000010000000000000
0.050708 9 0.00000010000000000000
0.047637 10 0.00000010000000000000
0.040049 11 0.00000010000000000000
0.041917 12 0.00000010000000000000
2.518293 1 0.00000001000000000000
1.263058 2 0.00000001000000000000
0.843252 3 0.00000001000000000000
0.639966 4 0.00000001000000000000
0.521228 5 0.00000001000000000000
0.424108 6 0.00000001000000000000
0.365374 7 0.00000001000000000000
0.326822 8 0.00000001000000000000
0.377886 9 0.00000001000000000000
0.386722 10 0.00000001000000000000
0.364474 11 0.00000001000000000000
0.322624 12 0.00000001000000000000
24.943291 1 0.00000000100000000000
12.502802 2 0.00000000100000000000
8.451072 3 0.00000000100000000000
6.315678 4 0.00000000100000000000
5.007139 5 0.00000000100000000000
4.265836 6 0.00000000100000000000
3.627556 7 0.00000000100000000000
3.159443 8 0.00000000100000000000
3.479023 9 0.00000000100000000000
3.389749 10 0.00000000100000000000
3.653194 11 0.00000000100000000000
3.489403 12 0.00000000100000000000
250.151148 1 0.00000000010000000000
124.618844 2 0.00000000010000000000
83.532668 3 0.00000000010000000000
62.941636 4 0.00000000010000000000
50.203017 5 0.00000000010000000000
41.719909 6 0.00000000010000000000
35.806228 7 0.00000000010000000000
31.267794 8 0.00000000010000000000
32.281414 9 0.00000000010000000000
32.011612 10 0.00000000010000000000
32.963143 11 0.00000000010000000000
33.117654 12 0.00000000010000000000
